[-14.387482924125635, -109.04882045403235, 0.0, 0.0, 0.0, 0.8862870501490583, 0.46313633493614026]
[-14.37677829651864, -109.0640166835518, 0.0, 0.0, 0.0, 0.8890125745961602, 0.4578827821723662]
[-14.365890213925935, -109.07909020573173, 0.0, 0.0, 0.0, 0.891703409933835, 0.4526201815124586]
[-14.354378178545986, -109.09463298900468, 0.0, 0.0, 0.0, 0.8944521912836736, 0.4471635914381163]
[-14.343147611055146, -109.10942174624365, 0.0, 0.0, 0.0, 0.8970657812567432, 0.44189702884068927]
[-14.331743683664763, -109.1240773058253, 0.0, 0.0, 0.0, 0.8996543083506008, 0.43660293799538513]
[-14.319676675468102, -109.1392057279177, 0.0, 0.0, 0.0, 0.9023185410724908, 0.4310698904317161]
[-14.307920092444201, -109.15357877344238, 0.0, 0.0, 0.0, 0.9049758035367721, 0.42546303601249985]
[-14.29599057678206, -109.16780419343957, 0.0, 0.0, 0.0, 0.9075026521728552, 0.4200463501796364]
[-14.283887831890874, -109.18189209061582, 0.0, 0.0, 0.0, 0.9099830261002453, 0.4146455018560315]
[-14.271104730196583, -109.1964115312681, 0.0, 0.0, 0.0, 0.912536319129191, 0.4089956800140405]
[-14.258664973118517, -109.21019913610989, 0.0, 0.0, 0.0, 0.9149599688609362, 0.4035446138681505]
[-14.24606424674099, -109.22383394637166, 0.0, 0.0, 0.0, 0.9173589158554258, 0.3980610750884312]
[-14.23330095593064, -109.237316796811, 0.0, 0.0, 0.0, 0.9197306406754355, 0.39255005872213666]
[-14.21983588825095, -109.25119606334688, 0.0, 0.0, 0.0, 0.9221707712671938, 0.38678297354003166]
[-14.206753866264716, -109.26434935171356, 0.0, 0.0, 0.0, 0.9245628730477878, 0.38102951825497733]
[-14.193512909596047, -109.27733027532567, 0.0, 0.0, 0.0, 0.9269525052055783, 0.37517869488165567]
[-14.180097911035597, -109.29015793565466, 0.0, 0.0, 0.0, 0.9292281730352497, 0.36950643084738327]
[-14.165955872306334, -109.30335024185338, 0.0, 0.0, 0.0, 0.9315341189984521, 0.36365393596354456]
[-14.152208597820819, -109.31586022209761, 0.0, 0.0, 0.0, 0.933692889719854, 0.35807483531601136]
[-14.138325599664682, -109.32819178688064, 0.0, 0.0, 0.0, 0.9358623561919269, 0.352365790426504]
[-14.123709539467052, -109.34085373927016, 0.0, 0.0, 0.0, 0.9380689935485902, 0.3464485002749112]
[-14.109529647464521, -109.35283344398911, 0.0, 0.0, 0.0, 0.9401574514088222, 0.3407403213012337]
[-14.095206125706909, -109.36463888748638, 0.0, 0.0, 0.0, 0.9422137317775396, 0.3350123634283406]
[-14.08074137750142, -109.37626782317129, 0.0, 0.0, 0.0, 0.9442382718659549, 0.32926294347161983]
[-14.065523744067109, -109.38819296463019, 0.0, 0.0, 0.0, 0.9463174797320165, 0.3232386541762053]
[-14.050776437846684, -109.39944779299805, 0.0, 0.0, 0.0, 0.9483744250185172, 0.31715288106967715]
[-14.03587104300342, -109.41052798815423, 0.0, 0.0, 0.0, 0.9503141991914115, 0.3112923430076403]
[-14.020834136503796, -109.4214226122391, 0.0, 0.0, 0.0, 0.9521979515020123, 0.30548168710312507]
[-14.005035923816745, -109.43257085226487, 0.0, 0.0, 0.0, 0.9541252311641752, 0.2994078209665025]
[-13.989738959882361, -109.44308153488316, 0.0, 0.0, 0.0, 0.9559408572961967, 0.293559325097692]
[-13.974316794884711, -109.45340213376541, 0.0, 0.0, 0.0, 0.9577228271904049, 0.287692520372737]
[-13.9581147665224, -109.46395375317175, 0.0, 0.0, 0.0, 0.9595378220934336, 0.2815797719513781]
[-13.942436223025569, -109.473887754076, 0.0, 0.0, 0.0, 0.9612424032379289, 0.2757046285744417]
[-13.926633336249505, -109.4836315041986, 0.0, 0.0, 0.0, 0.962917238475031, 0.269796945586158]
[-13.910733556336663, -109.49316091969027, 0.0, 0.0, 0.0, 0.9646300020437428, 0.2636075855454252]
[-13.894009075410372, -109.5028900531102, 0.0, 0.0, 0.0, 0.9663431770675597, 0.2572564170919258]
[-13.877841850530814, -109.51202379274909, 0.0, 0.0, 0.0, 0.9678950302080986, 0.2513547503001761]
[-13.861553727274382, -109.5209650081444, 0.0, 0.0, 0.0, 0.9694133306763053, 0.24543388989109113]
[-13.845175023739282, -109.52969849387063, 0.0, 0.0, 0.0, 0.9708848410332729, 0.23954670828837618]
[-13.827998741946677, -109.5385854241218, 0.0, 0.0, 0.0, 0.9723820118737659, 0.2333949934859942]
[-13.811407317988559, -109.5469103810477, 0.0, 0.0, 0.0, 0.9737824043393842, 0.22748149155262742]
[-13.794718481424947, -109.55503183408776, 0.0, 0.0, 0.0, 0.9751473736442703, 0.22155721535233705]
[-13.777243776981857, -109.56326897921538, 0.0, 0.0, 0.0, 0.9765358734911344, 0.21535479512866038]
[-13.76033503072571, -109.57098442729425, 0.0, 0.0, 0.0, 0.9778463843574103, 0.20932378889925457]
[-13.74333496055853, -109.57848356499838, 0.0, 0.0, 0.0, 0.9791405532441028, 0.20318409630882114]
[-13.726245695087727, -109.58577247980374, 0.0, 0.0, 0.0, 0.9803525176544519, 0.19725349459154762]
[-13.708364817974426, -109.59313992003844, 0.0, 0.0, 0.0, 0.9815708955216861, 0.19109834396131042]
[-13.69111228835749, -109.60000174403422, 0.0, 0.0, 0.0, 0.9827024136039435, 0.18519170147980152]
[-13.673780455259637, -109.60665494038471, 0.0, 0.0, 0.0, 0.9837968367860254, 0.17928687606685142]
[-13.65637660790831, -109.61309640617023, 0.0, 0.0, 0.0, 0.9848747514195707, 0.17326778124117226]
[-13.638158913900545, -109.61957596139315, 0.0, 0.0, 0.0, 0.9859838356321603, 0.1668408699093035]
[-13.620589925815956, -109.62557642798266, 0.0, 0.0, 0.0, 0.9869800257911517, 0.16084286956311578]
[-13.602943539678831, -109.63136825171456, 0.0, 0.0, 0.0, 0.9879190023172909, 0.15497110976052456]
[-13.584490388440168, -109.63717809025538, 0.0, 0.0, 0.0, 0.9888573028001534, 0.14886649958538617]
[-13.566711364504936, -109.64254029484925, 0.0, 0.0, 0.0, 0.9897205154101127, 0.14301503898660703]
